     0.00000     0.00000
    50.00000    -0.07218
   100.00000    -0.07490
   150.00000    -0.08225
   200.00000    -0.07923
   250.00000    -0.07527
   300.00000    -0.06850
   350.00000    -0.06108
   400.00000    -0.05641
   450.00000    -0.04853
   500.00000    -0.05026
   550.00000    -0.04977
   600.00000    -0.04711
   650.00000    -0.04177
   700.00000    -0.03346
   750.00000    -0.02662
   800.00000    -0.02102
   850.00000    -0.02165
   900.00000    -0.01096
   950.00000    -0.00789
  1000.00000    -0.00397
  1050.00000    -0.00330
  1100.00000     0.00179
  1150.00000     0.00429
  1200.00000    -0.00288
  1250.00000     0.00343
  1300.00000     0.00938
  1350.00000     0.01888
  1400.00000     0.01522
  1450.00000     0.01583
  1500.00000     0.01617
  1550.00000     0.02738
  1600.00000     0.02859
  1650.00000     0.03108
  1700.00000     0.03731
  1750.00000     0.03596
  1800.00000     0.03764
  1850.00000     0.03210
  1900.00000     0.04501
  1950.00000     0.04659
  2000.00000     0.04579
  2050.00000     0.04146
  2100.00000     0.03391
  2150.00000     0.04097
  2200.00000     0.04520
  2250.00000     0.05632
  2300.00000     0.05739
  2350.00000     0.06317
  2400.00000     0.06053
  2450.00000     0.06362
  2500.00000     0.06413
  2550.00000     0.06621
  2600.00000     0.07360
  2650.00000     0.07829
  2700.00000     0.07592
  2750.00000     0.07978
  2800.00000     0.08172
  2850.00000     0.07674
  2900.00000     0.07204
  2950.00000     0.06714
  3000.00000     0.06725
  3050.00000     0.07400
  3100.00000     0.08077
  3150.00000     0.08142
  3200.00000     0.08559
  3250.00000     0.08752
  3300.00000     0.08779
  3350.00000     0.08738
  3400.00000     0.07879
  3450.00000     0.07663
  3500.00000     0.07851
  3550.00000     0.08643
  3600.00000     0.08903
  3650.00000     0.09100
  3700.00000     0.09046
  3750.00000     0.08660
  3800.00000     0.08317
  3850.00000     0.07973
  3900.00000     0.08389
  3950.00000     0.07666
  4000.00000     0.07698
  4050.00000     0.07815
  4100.00000     0.07655
  4150.00000     0.07315
  4200.00000     0.07083
  4250.00000     0.06869
  4300.00000     0.06632
  4350.00000     0.06618
  4400.00000     0.06081
  4450.00000     0.05491
  4500.00000     0.05382
  4550.00000     0.05475
  4600.00000     0.04899
  4650.00000     0.04562
  4700.00000     0.04274
  4750.00000     0.03608
  4800.00000     0.03386
  4850.00000     0.03116
  4900.00000     0.02728
  4950.00000     0.01369
  5000.00000     0.01054
  5050.00000     0.01061
  5100.00000     0.00719
  5150.00000     0.01057
  5200.00000     0.00291
  5250.00000    -0.00361
  5300.00000    -0.01328
  5350.00000    -0.02080
  5400.00000    -0.02557
  5450.00000    -0.03113
  5500.00000    -0.03810
  5550.00000    -0.03957
  5600.00000    -0.04344
  5650.00000    -0.04865
  5700.00000    -0.05136
  5750.00000    -0.05351
  5800.00000    -0.06064
  5850.00000    -0.06304
  5900.00000    -0.06902
  5950.00000    -0.07111
  6000.00000    -0.07218
  6050.00000    -0.07582
  6100.00000    -0.08854
  6150.00000    -0.09532
  6200.00000    -0.09559
  6250.00000    -0.09920
  6300.00000    -0.10174
  6350.00000    -0.10796
  6400.00000    -0.10895
  6450.00000    -0.10563
  6500.00000    -0.10832
  6550.00000    -0.10965
  6600.00000    -0.11030
  6650.00000    -0.11226
  6700.00000    -0.11598
  6750.00000    -0.11871
  6800.00000    -0.12169
  6850.00000    -0.12104
  6900.00000    -0.11951
  6950.00000    -0.12256
  7000.00000    -0.12236
  7050.00000    -0.12592
  7100.00000    -0.12724
  7150.00000    -0.12377
  7200.00000    -0.12045
  7250.00000    -0.11787
  7300.00000    -0.11818
  7350.00000    -0.11798
  7400.00000    -0.12025
  7450.00000    -0.11352
  7500.00000    -0.10882
  7550.00000    -0.10996
  7600.00000    -0.10975
  7650.00000    -0.10658
  7700.00000    -0.10792
  7750.00000    -0.10544
  7800.00000    -0.10052
  7850.00000    -0.10096
  7900.00000    -0.09891
  7950.00000    -0.09613
  8000.00000    -0.09588
  8050.00000    -0.09368
  8100.00000    -0.09212
  8150.00000    -0.08582
  8200.00000    -0.08921
  8250.00000    -0.08347
  8300.00000    -0.08213
  8350.00000    -0.08326
  8400.00000    -0.08318
  8450.00000    -0.08270
  8500.00000    -0.07623
  8550.00000    -0.07258
  8600.00000    -0.06639
  8650.00000    -0.06642
  8700.00000    -0.06617
  8750.00000    -0.06696
  8800.00000    -0.07044
  8850.00000    -0.07144
  8900.00000    -0.07858
  8950.00000    -0.07788
  9000.00000    -0.08296
  9050.00000    -0.08826
  9100.00000    -0.09070
  9150.00000    -0.09464
  9200.00000    -0.10150
  9250.00000    -0.10731
  9300.00000    -0.11189
  9350.00000    -0.12335
  9400.00000    -0.12747
  9450.00000    -0.13814
  9500.00000    -0.15000
  9550.00000    -0.16171
  9600.00000    -0.17389
  9650.00000    -0.18784
  9700.00000    -0.20008
  9750.00000    -0.21144
  9800.00000    -0.22422
  9850.00000    -0.23322
  9900.00000    -0.25013
  9950.00000    -0.26826
 10000.00000    -0.28284
 10050.00000    -0.29714
 10100.00000    -0.31366
 10150.00000    -0.32824
 10200.00000    -0.34510
 10250.00000    -0.36085
 10300.00000    -0.37819
 10350.00000    -0.39260
 10400.00000    -0.41012
 10450.00000    -0.42608
 10500.00000    -0.44697
 10550.00000    -0.46339
 10600.00000    -0.47877
 10650.00000    -0.49884
 10700.00000    -0.51806
 10750.00000    -0.53141
 10800.00000    -0.55332
 10850.00000    -0.56733
 10900.00000    -0.57881
 10950.00000    -0.59393
 11000.00000    -0.61262
 11050.00000    -0.62516
 11100.00000    -0.64058
 11150.00000    -0.65468
 11200.00000    -0.67004
 11250.00000    -0.68219
 11300.00000    -0.69469
 11350.00000    -0.71107
 11400.00000    -0.72293
 11450.00000    -0.73048
 11500.00000    -0.74165
 11550.00000    -0.75723
 11600.00000    -0.77277
 11650.00000    -0.78696
 11700.00000    -0.79661
 11750.00000    -0.80908
 11800.00000    -0.82146
 11850.00000    -0.83160
 11900.00000    -0.84528
 11950.00000    -0.85737
 12000.00000    -0.87218
 12050.00000    -0.88234
 12100.00000    -0.89201
 12150.00000    -0.90410
 12200.00000    -0.91003
 12250.00000    -0.91516
 12300.00000    -0.93062
 12350.00000    -0.93643
 12400.00000    -0.94261
 12450.00000    -0.95162
 12500.00000    -0.95635
 12550.00000    -0.96055
 12600.00000    -0.96313
 12650.00000    -0.97077
 12700.00000    -0.97296
 12750.00000    -0.97500
 12800.00000    -0.97820
 12850.00000    -0.98961
 12900.00000    -0.99560
 12950.00000    -1.00390
 13000.00000    -1.00910
 13050.00000    -1.01800
 13100.00000    -1.02400
 13150.00000    -1.03090
 13200.00000    -1.03810
 13250.00000    -1.04180
 13300.00000    -1.05230
 13350.00000    -1.05920
 13400.00000    -1.07080
 13450.00000    -1.07970
 13500.00000    -1.08890
 13550.00000    -1.10020
 13600.00000    -1.10920
 13650.00000    -1.11970
 13700.00000    -1.12740
 13750.00000    -1.14000
 13800.00000    -1.14960
 13850.00000    -1.15490
 13900.00000    -1.16880
 13950.00000    -1.18190
 14000.00000    -1.19100
 14050.00000    -1.20180
 14100.00000    -1.21360
 14150.00000    -1.22630
 14200.00000    -1.24090
 14250.00000    -1.25410
 14300.00000    -1.26800
 14350.00000    -1.28710
 14400.00000    -1.30480
 14450.00000    -1.32150
 14500.00000    -1.34070
 14550.00000    -1.35960
 14600.00000    -1.38110
 14650.00000    -1.39710
 14700.00000    -1.41480
 14750.00000    -1.43680
 14800.00000    -1.45470
 14850.00000    -1.47400
 14900.00000    -1.49180
 14950.00000    -1.50870
 15000.00000    -1.52260
 15050.00000    -1.53090
 15100.00000    -1.54250
 15150.00000    -1.55750
 15200.00000    -1.57380
 15250.00000    -1.58640
 15300.00000    -1.60110
 15350.00000    -1.61140
 15400.00000    -1.63130
 15450.00000    -1.64580
 15500.00000    -1.66160
 15550.00000    -1.68020
 15600.00000    -1.69540
 15650.00000    -1.71350
 15700.00000    -1.72540
 15750.00000    -1.74550
 15800.00000    -1.76360
 15850.00000    -1.77830
 15900.00000    -1.78250
 15950.00000    -1.79640
 16000.00000    -1.80560
 16050.00000    -1.81510
 16100.00000    -1.82320
 16150.00000    -1.83470
 16200.00000    -1.84100
 16250.00000    -1.85290
 16300.00000    -1.86340
 16350.00000    -1.87450
 16400.00000    -1.88290
 16450.00000    -1.88930
 16500.00000    -1.89960
 16550.00000    -1.90660
 16600.00000    -1.90990
 16650.00000    -1.91440
 16700.00000    -1.91710
 16750.00000    -1.92770
 16800.00000    -1.93080
 16850.00000    -1.93560
 16900.00000    -1.93810
 16950.00000    -1.94430
 17000.00000    -1.95190
 17050.00000    -1.96040
 17100.00000    -1.96440
 17150.00000    -1.96710
 17200.00000    -1.96900
 17250.00000    -1.97610
 17300.00000    -1.98330
 17350.00000    -1.98460
 17400.00000    -1.98290
 17450.00000    -1.98230
 17500.00000    -1.98300
 17550.00000    -1.99140
 17600.00000    -1.99160
 17650.00000    -1.98790
 17700.00000    -1.98560
 17750.00000    -1.99110
 17800.00000    -1.99300
 17850.00000    -1.99680
 17900.00000    -1.99780
 17950.00000    -1.99710
 18000.00000    -1.99490
 18050.00000    -1.99680
 18100.00000    -2.00470
 18150.00000    -2.00560
 18200.00000    -2.00370
 18250.00000    -2.00370
 18300.00000    -2.00670
 18350.00000    -2.00980
 18400.00000    -2.01350
 18450.00000    -2.01520
 18500.00000    -2.01630
 18550.00000    -2.01370
 18600.00000    -2.01360
 18650.00000    -2.01710
 18700.00000    -2.02090
 18750.00000    -2.02580
 18800.00000    -2.02560
 18850.00000    -2.02680
 18900.00000    -2.03030
 18950.00000    -2.03720
 19000.00000    -2.03640
 19050.00000    -2.03580
 19100.00000    -2.03730
 19150.00000    -2.03740
 19200.00000    -2.04050
 19250.00000    -2.04410
 19300.00000    -2.04400
 19350.00000    -2.05200
 19400.00000    -2.05190
 19450.00000    -2.05500
 19500.00000    -2.05290
 19550.00000    -2.05200
 19600.00000    -2.05530
 19650.00000    -2.06120
 19700.00000    -2.06350
 19750.00000    -2.06370
 19800.00000    -2.06250
 19850.00000    -2.06290
 19900.00000    -2.06700
 19950.00000    -2.07020
 20000.00000    -2.07030
 20050.00000    -2.07180
 20100.00000    -2.06980
 20150.00000    -2.06880
 20200.00000    -2.06620
 20250.00000    -2.06370
 20300.00000    -2.05780
 20350.00000    -2.05570
 20400.00000    -2.05540
 20450.00000    -2.05670
 20500.00000    -2.05320
 20550.00000    -2.05080
 20600.00000    -2.04690
 20650.00000    -2.04460
 20700.00000    -2.04460
 20750.00000    -2.04570
 20800.00000    -2.04080
 20850.00000    -2.03910
 20900.00000    -2.03900
 20950.00000    -2.03740
 21000.00000    -2.03910
 21050.00000    -2.04320
 21100.00000    -2.04620
 21150.00000    -2.04450
 21200.00000    -2.05100
 21250.00000    -2.06050
 21300.00000    -2.06180
 21350.00000    -2.06230
 21400.00000    -2.06390
 21450.00000    -2.06440
 21500.00000    -2.06540
 21550.00000    -2.06390
 21600.00000    -2.06490
 21650.00000    -2.06740
 21700.00000    -2.06520
 21750.00000    -2.06160
 21800.00000    -2.06290
 21850.00000    -2.05810
 21900.00000    -2.05920
 21950.00000    -2.05950
 22000.00000    -2.05820
 22050.00000    -2.05860
 22100.00000    -2.06020
 22150.00000    -2.06450
 22200.00000    -2.06500
 22250.00000    -2.06180
 22300.00000    -2.06310
 22350.00000    -2.06570
 22400.00000    -2.06230
 22450.00000    -2.06270
 22500.00000    -2.06230
 22550.00000    -2.06710
 22600.00000    -2.06750
 22650.00000    -2.06680
 22700.00000    -2.06690
 22750.00000    -2.06910
 22800.00000    -2.07240
 22850.00000    -2.07190
 22900.00000    -2.07380
 22950.00000    -2.07250
 23000.00000    -2.07120
 23050.00000    -2.07250
 23100.00000    -2.07350
 23150.00000    -2.07320
 23200.00000    -2.07250
 23250.00000    -2.07490
 23300.00000    -2.08160
 23350.00000    -2.08560
 23400.00000    -2.08570
 23450.00000    -2.08950
 23500.00000    -2.09130
 23550.00000    -2.09510
 23600.00000    -2.09730
 23650.00000    -2.10510
 23700.00000    -2.10750
 23750.00000    -2.10970
 23800.00000    -2.11480
 23850.00000    -2.11720
 23900.00000    -2.12110
 23950.00000    -2.11700
 24000.00000    -2.11700
 24050.00000    -2.11930
 24100.00000    -2.11700
 24150.00000    -2.11330
 24200.00000    -2.11120
 24250.00000    -2.10830
 24300.00000    -2.10640
 24350.00000    -2.09920
 24400.00000    -2.09370
 24450.00000    -2.08860
 24500.00000    -2.08140
 24550.00000    -2.07440
 24600.00000    -2.07090
 24650.00000    -2.06290
 24700.00000    -2.05260
 24750.00000    -2.04600
 24800.00000    -2.04180
 24850.00000    -2.03330
 24900.00000    -2.03110
 24950.00000    -2.01930
 25000.00000    -2.01390
 25050.00000    -2.00900
 25100.00000    -2.00670
 25150.00000    -2.00380
 25200.00000    -1.99880
 25250.00000    -1.99510
 25300.00000    -1.98940
 25350.00000    -1.98560
 25400.00000    -1.97730
 25450.00000    -1.96780
 25500.00000    -1.95940
 25550.00000    -1.95110
 25600.00000    -1.93930
 25650.00000    -1.92520
 25700.00000    -1.91970
 25750.00000    -1.90950
 25800.00000    -1.89970
 25850.00000    -1.88970
 25900.00000    -1.88260
 25950.00000    -1.87400
 26000.00000    -1.86210
 26050.00000    -1.84920
 26100.00000    -1.83740
 26150.00000    -1.82450
 26200.00000    -1.81760
 26250.00000    -1.81070
 26300.00000    -1.80170
 26350.00000    -1.79210
 26400.00000    -1.77980
 26450.00000    -1.77320
 26500.00000    -1.75850
 26550.00000    -1.75040
 26600.00000    -1.73670
 26650.00000    -1.72610
 26700.00000    -1.70400
 26750.00000    -1.69610
 26800.00000    -1.68630
 26850.00000    -1.67990
 26900.00000    -1.67390
 26950.00000    -1.66280
 27000.00000    -1.65980
 27050.00000    -1.65550
 27100.00000    -1.64830
 27150.00000    -1.64300
 27200.00000    -1.63710
 27250.00000    -1.63630
 27300.00000    -1.63080
 27350.00000    -1.62320
 27400.00000    -1.61720
 27450.00000    -1.61590
 27500.00000    -1.61040
 27550.00000    -1.60940
 27600.00000    -1.60600
 27650.00000    -1.60630
 27700.00000    -1.60890
 27750.00000    -1.60710
 27800.00000    -1.60830
 27850.00000    -1.60560
 27900.00000    -1.60470
 27950.00000    -1.60440
 28000.00000    -1.61080
 28050.00000    -1.60990
 28100.00000    -1.60990
 28150.00000    -1.60590
 28200.00000    -1.60280
 28250.00000    -1.60270
 28300.00000    -1.60220
 28350.00000    -1.60560
 28400.00000    -1.60000
 28450.00000    -1.60010
 28500.00000    -1.60430
 28550.00000    -1.60820
 28600.00000    -1.61300
 28650.00000    -1.61740
 28700.00000    -1.62460
 28750.00000    -1.62770
 28800.00000    -1.63080
 28850.00000    -1.63100
 28900.00000    -1.63180
 28950.00000    -1.62910
 29000.00000    -1.63430
 29050.00000    -1.63690
 29100.00000    -1.63770
 29150.00000    -1.64060
 29200.00000    -1.64370
 29250.00000    -1.64530
 29300.00000    -1.64560
 29350.00000    -1.64790
 29400.00000    -1.64700
 29450.00000    -1.64880
 29500.00000    -1.65010
 29550.00000    -1.65760
 29600.00000    -1.65850
 29650.00000    -1.66700
 29700.00000    -1.67270
 29750.00000    -1.67850
 29800.00000    -1.67990
 29850.00000    -1.68220
 29900.00000    -1.68140
 29950.00000    -1.68550
 30000.00000    -1.68540
 30050.00000    -1.68170
 30100.00000    -1.67860
 30150.00000    -1.67360
 30200.00000    -1.67250
 30250.00000    -1.66940
 30300.00000    -1.66680
 30350.00000    -1.66470
 30400.00000    -1.66030
 30450.00000    -1.66710
 30500.00000    -1.66660
 30550.00000    -1.66850
 30600.00000    -1.66730
 30650.00000    -1.66400
 30700.00000    -1.65970
 30750.00000    -1.65820
 30800.00000    -1.66030
 30850.00000    -1.66390
 30900.00000    -1.66520
 30950.00000    -1.66420
 31000.00000    -1.66280
 31050.00000    -1.66060
 31100.00000    -1.66120
 31150.00000    -1.65570
 31200.00000    -1.65580
 31250.00000    -1.65470
 31300.00000    -1.64890
 31350.00000    -1.65160
 31400.00000    -1.65000
 31450.00000    -1.65120
 31500.00000    -1.65100
 31550.00000    -1.64890
 31600.00000    -1.63970
 31650.00000    -1.63470
 31700.00000    -1.63370
 31750.00000    -1.63260
 31800.00000    -1.62760
 31850.00000    -1.62440
 31900.00000    -1.62160
 31950.00000    -1.62010
 32000.00000    -1.62310
 32050.00000    -1.61710
 32100.00000    -1.61730
 32150.00000    -1.62090
 32200.00000    -1.61810
 32250.00000    -1.61390
 32300.00000    -1.61150
 32350.00000    -1.60880
 32400.00000    -1.60810
 32450.00000    -1.60590
 32500.00000    -1.60600
 32550.00000    -1.60230
 32600.00000    -1.59880
 32650.00000    -1.59520
 32700.00000    -1.59150
 32750.00000    -1.59060
 32800.00000    -1.58670
 32850.00000    -1.58560
 32900.00000    -1.58530
 32950.00000    -1.58200
 33000.00000    -1.57460
 33050.00000    -1.57040
 33100.00000    -1.57230
 33150.00000    -1.57290
 33200.00000    -1.57170
 33250.00000    -1.57640
 33300.00000    -1.57950
 33350.00000    -1.57550
 33400.00000    -1.57770
 33450.00000    -1.58530
 33500.00000    -1.58510
 33550.00000    -1.58840
 33600.00000    -1.59060
 33650.00000    -1.59000
 33700.00000    -1.59730
 33750.00000    -1.59790
 33800.00000    -1.59860
 33850.00000    -1.59540
 33900.00000    -1.58950
 33950.00000    -1.58460
 34000.00000    -1.58350
 34050.00000    -1.58230
 34100.00000    -1.58190
 34150.00000    -1.57670
 34200.00000    -1.57710
 34250.00000    -1.57310
 34300.00000    -1.57100
 34350.00000    -1.56790
 34400.00000    -1.56260
 34450.00000    -1.56080
 34500.00000    -1.55590
 34550.00000    -1.55050
 34600.00000    -1.54670
 34650.00000    -1.54730
 34700.00000    -1.54150
 34750.00000    -1.53450
 34800.00000    -1.52470
 34850.00000    -1.52510
 34900.00000    -1.52290
 34950.00000    -1.51720
 35000.00000    -1.51290
 35050.00000    -1.50680
 35100.00000    -1.50190
 35150.00000    -1.49840
 35200.00000    -1.49740
 35250.00000    -1.49420
 35300.00000    -1.48870
 35350.00000    -1.48920
 35400.00000    -1.48390
 35450.00000    -1.47930
 35500.00000    -1.47610
 35550.00000    -1.47500
 35600.00000    -1.47270
 35650.00000    -1.46930
 35700.00000    -1.46690
 35750.00000    -1.45950
 35800.00000    -1.45160
 35850.00000    -1.44810
 35900.00000    -1.44020
 35950.00000    -1.42970
 36000.00000    -1.42210
 36050.00000    -1.41930
 36100.00000    -1.41830
 36150.00000    -1.41380
 36200.00000    -1.40720
 36250.00000    -1.40550
 36300.00000    -1.40030
 36350.00000    -1.39160
 36400.00000    -1.39080
 36450.00000    -1.39120
 36500.00000    -1.38230
 36550.00000    -1.37840
 36600.00000    -1.37500
 36650.00000    -1.37600
 36700.00000    -1.37680
 36750.00000    -1.37430
 36800.00000    -1.37900
 36850.00000    -1.37810
 36900.00000    -1.37750
 36950.00000    -1.37920
 37000.00000    -1.38210
 37050.00000    -1.38250
 37100.00000    -1.38260
 37150.00000    -1.38060
 37200.00000    -1.38030
 37250.00000    -1.38030
 37300.00000    -1.38190
 37350.00000    -1.38260
 37400.00000    -1.38380
 37450.00000    -1.38380
 37500.00000    -1.38440
 37550.00000    -1.38600
 37600.00000    -1.38820
 37650.00000    -1.39140
 37700.00000    -1.39610
 37750.00000    -1.40410
 37800.00000    -1.41450
 37850.00000    -1.42470
 37900.00000    -1.42690
 37950.00000    -1.43150
 38000.00000    -1.43850
 38050.00000    -1.44640
 38100.00000    -1.45010
 38150.00000    -1.45120
 38200.00000    -1.45170
 38250.00000    -1.45560
 38300.00000    -1.46150
 38350.00000    -1.46850
 38400.00000    -1.46720
 38450.00000    -1.47320
 38500.00000    -1.48000
 38550.00000    -1.48430
 38600.00000    -1.48430
 38650.00000    -1.48400
 38700.00000    -1.48680
 38750.00000    -1.48990
 38800.00000    -1.49820
 38850.00000    -1.50230
 38900.00000    -1.50770
 38950.00000    -1.51570
 39000.00000    -1.52460
 39050.00000    -1.53150
 39100.00000    -1.53630
 39150.00000    -1.54210
 39200.00000    -1.54560
 39250.00000    -1.55360
 39300.00000    -1.55490
 39350.00000    -1.55380
 39400.00000    -1.56080
 39450.00000    -1.56420
 39500.00000    -1.56090
 39550.00000    -1.56270
 39600.00000    -1.56180
 39650.00000    -1.56080
 39700.00000    -1.55640
 39750.00000    -1.55460
 39800.00000    -1.55150
 39850.00000    -1.54580
 39900.00000    -1.54610
 39950.00000    -1.54420
 40000.00000    -1.53860
 40050.00000    -1.53680
 40100.00000    -1.53150
 40150.00000    -1.52790
 40200.00000    -1.52350
 40250.00000    -1.51980
 40300.00000    -1.51760
 40350.00000    -1.51790
 40400.00000    -1.51390
 40450.00000    -1.51190
 40500.00000    -1.50590
 40550.00000    -1.50110
 40600.00000    -1.49870
 40650.00000    -1.49630
 40700.00000    -1.49390
 40750.00000    -1.49090
 40800.00000    -1.48610
 40850.00000    -1.47870
 40900.00000    -1.47420
 40950.00000    -1.46860
 41000.00000    -1.46350
 41050.00000    -1.46060
 41100.00000    -1.45670
 41150.00000    -1.45420
 41200.00000    -1.45480
 41250.00000    -1.45480
 41300.00000    -1.45060
 41350.00000    -1.44810
 41400.00000    -1.44630
 41450.00000    -1.44700
 41500.00000    -1.44700
 41550.00000    -1.44330
 41600.00000    -1.44160
 41650.00000    -1.44240
 41700.00000    -1.44580
 41750.00000    -1.44530
 41800.00000    -1.44360
 41850.00000    -1.43910
 41900.00000    -1.43740
 41950.00000    -1.43740
 42000.00000    -1.43570
 42050.00000    -1.43070
 42100.00000    -1.43000
 42150.00000    -1.42520
 42200.00000    -1.41670
 42250.00000    -1.40970
 42300.00000    -1.40070
 42350.00000    -1.40140
 42400.00000    -1.39620
 42450.00000    -1.39110
 42500.00000    -1.38560
 42550.00000    -1.38020
 42600.00000    -1.37470
 42650.00000    -1.37080
 42700.00000    -1.36830
 42750.00000    -1.36140
 42800.00000    -1.35600
 42850.00000    -1.34660
 42900.00000    -1.33830
 42950.00000    -1.33130
 43000.00000    -1.32200
 43050.00000    -1.31200
 43100.00000    -1.30550
 43150.00000    -1.30240
 43200.00000    -1.29670
 43250.00000    -1.29010
 43300.00000    -1.28540
 43350.00000    -1.27700
 43400.00000    -1.26790
 43450.00000    -1.26320
 43500.00000    -1.25750
 43550.00000    -1.25420
 43600.00000    -1.24650
 43650.00000    -1.23780
 43700.00000    -1.22950
 43750.00000    -1.22080
 43800.00000    -1.21080
 43850.00000    -1.20370
 43900.00000    -1.19730
 43950.00000    -1.19180
 44000.00000    -1.18510
 44050.00000    -1.17740
 44100.00000    -1.17010
 44150.00000    -1.16320
 44200.00000    -1.15830
 44250.00000    -1.15110
 44300.00000    -1.14390
 44350.00000    -1.13870
 44400.00000    -1.13160
 44450.00000    -1.12350
 44500.00000    -1.11730
 44550.00000    -1.11160
 44600.00000    -1.10290
 44650.00000    -1.09790
 44700.00000    -1.09340
 44750.00000    -1.08770
 44800.00000    -1.08210
 44850.00000    -1.07530
 44900.00000    -1.06870
 44950.00000    -1.06610
 45000.00000    -1.06250
 45050.00000    -1.06320
 45100.00000    -1.06430
 45150.00000    -1.06490
 45200.00000    -1.06620
 45250.00000    -1.06960
 45300.00000    -1.07260
 45350.00000    -1.07940
 45400.00000    -1.08060
 45450.00000    -1.08590
 45500.00000    -1.08960
 45550.00000    -1.09310
 45600.00000    -1.09440
 45650.00000    -1.09780
 45700.00000    -1.09650
 45750.00000    -1.10020
 45800.00000    -1.10370
 45850.00000    -1.10540
 45900.00000    -1.11270
 45950.00000    -1.11810
 46000.00000    -1.12210
 46050.00000    -1.13150
 46100.00000    -1.14410
 46150.00000    -1.14720
 46200.00000    -1.15060
 46250.00000    -1.15250
 46300.00000    -1.15960
 46350.00000    -1.16510
 46400.00000    -1.17460
 46450.00000    -1.18170
 46500.00000    -1.18370
 46550.00000    -1.18780
 46600.00000    -1.19460
 46650.00000    -1.20400
 46700.00000    -1.21440
 46750.00000    -1.22450
 46800.00000    -1.23260
 46850.00000    -1.24160
 46900.00000    -1.24550
 46950.00000    -1.25300
 47000.00000    -1.25850
 47050.00000    -1.26240
 47100.00000    -1.27150
 47150.00000    -1.27780
 47200.00000    -1.28480
 47250.00000    -1.28570
 47300.00000    -1.29130
 47350.00000    -1.29790
 47400.00000    -1.30410
 47450.00000    -1.30820
 47500.00000    -1.31610
 47550.00000    -1.32150
 47600.00000    -1.32510
 47650.00000    -1.33270
 47700.00000    -1.33530
 47750.00000    -1.33820
 47800.00000    -1.34470
 47850.00000    -1.34680
 47900.00000    -1.35180
 47950.00000    -1.35930
 48000.00000    -1.35750
 48050.00000    -1.35450
 48100.00000    -1.35000
 48150.00000    -1.34980
 48200.00000    -1.34160
 48250.00000    -1.34020
 48300.00000    -1.33680
 48350.00000    -1.33060
 48400.00000    -1.32540
 48450.00000    -1.32160
 48500.00000    -1.31610
 48550.00000    -1.31050
 48600.00000    -1.30630
 48650.00000    -1.30400
 48700.00000    -1.30210
 48750.00000    -1.30120
 48800.00000    -1.29430
 48850.00000    -1.29070
 48900.00000    -1.28630
 48950.00000    -1.28230
 49000.00000    -1.27910
 49050.00000    -1.27330
 49100.00000    -1.26590
 49150.00000    -1.26040
 49200.00000    -1.25650
 49250.00000    -1.25450
 49300.00000    -1.25370
 49350.00000    -1.25010
 49400.00000    -1.24910
 49450.00000    -1.24470
 49500.00000    -1.23880
 49550.00000    -1.23850
 49600.00000    -1.23710
 49650.00000    -1.23550
 49700.00000    -1.23110
 49750.00000    -1.22580
 49800.00000    -1.21680
 49850.00000    -1.21210
 49900.00000    -1.20950
 49950.00000    -1.20930
 50000.00000    -1.20240
 50050.00000    -1.20080
 50100.00000    -1.19890
 50150.00000    -1.19460
 50200.00000    -1.18880
 50250.00000    -1.18500
 50300.00000    -1.18120
 50350.00000    -1.17670
 50400.00000    -1.17110
 50450.00000    -1.16440
 50500.00000    -1.15820
 50550.00000    -1.15160
 50600.00000    -1.14880
 50650.00000    -1.14440
 50700.00000    -1.13970
 50750.00000    -1.13800
 50800.00000    -1.13550
 50850.00000    -1.13180
 50900.00000    -1.12920
 50950.00000    -1.12620
 51000.00000    -1.11890
 51050.00000    -1.11820
 51100.00000    -1.11880
 51150.00000    -1.11840
 51200.00000    -1.11670
 51250.00000    -1.11990
 51300.00000    -1.11860
 51350.00000    -1.11370
 51400.00000    -1.11820
 51450.00000    -1.11680
 51500.00000    -1.11870
 51550.00000    -1.12120
 51600.00000    -1.12500
 51650.00000    -1.12890
 51700.00000    -1.12930
 51750.00000    -1.12740
 51800.00000    -1.12980
 51850.00000    -1.13120
 51900.00000    -1.13390
 51950.00000    -1.13410
 52000.00000    -1.13630
 52050.00000    -1.13760
 52100.00000    -1.14010
 52150.00000    -1.14350
 52200.00000    -1.14380
 52250.00000    -1.14560
 52300.00000    -1.14750
 52350.00000    -1.15020
 52400.00000    -1.15030
 52450.00000    -1.15120
 52500.00000    -1.15330
 52550.00000    -1.15750
 52600.00000    -1.16090
 52650.00000    -1.16120
 52700.00000    -1.16240
 52750.00000    -1.16350
 52800.00000    -1.16820
 52850.00000    -1.17150
 52900.00000    -1.17900
 52950.00000    -1.18320
 53000.00000    -1.18430
 53050.00000    -1.18950
 53100.00000    -1.19030
 53150.00000    -1.19630
 53200.00000    -1.19930
 53250.00000    -1.20630
 53300.00000    -1.20900
 53350.00000    -1.21800
 53400.00000    -1.22180
 53450.00000    -1.22760
 53500.00000    -1.23520
 53550.00000    -1.24330
 53600.00000    -1.25360
 53650.00000    -1.25670
 53700.00000    -1.26210
 53750.00000    -1.27010
 53800.00000    -1.27280
 53850.00000    -1.27570
 53900.00000    -1.27670
 53950.00000    -1.27790
 54000.00000    -1.28150
 54050.00000    -1.28430
 54100.00000    -1.28680
 54150.00000    -1.28650
 54200.00000    -1.28490
 54250.00000    -1.27960
 54300.00000    -1.27930
 54350.00000    -1.27970
 54400.00000    -1.28690
 54450.00000    -1.28620
 54500.00000    -1.28620
 54550.00000    -1.28160
 54600.00000    -1.27860
 54650.00000    -1.27370
 54700.00000    -1.26720
 54750.00000    -1.26520
 54800.00000    -1.26900
 54850.00000    -1.27130
 54900.00000    -1.27070
 54950.00000    -1.27000
 55000.00000    -1.27080
 55050.00000    -1.27040
 55100.00000    -1.26970
 55150.00000    -1.26900
 55200.00000    -1.26780
 55250.00000    -1.26270
 55300.00000    -1.26120
 55350.00000    -1.25840
 55400.00000    -1.25650
 55450.00000    -1.25730
 55500.00000    -1.25270
 55550.00000    -1.24800
 55600.00000    -1.24160
 55650.00000    -1.23600
 55700.00000    -1.23030
 55750.00000    -1.22200
 55800.00000    -1.21500
 55850.00000    -1.20730
 55900.00000    -1.20480
 55950.00000    -1.19430
 56000.00000    -1.18760
 56050.00000    -1.18130
 56100.00000    -1.17230
 56150.00000    -1.16760
 56200.00000    -1.16000
 56250.00000    -1.15280
 56300.00000    -1.14300
 56350.00000    -1.13660
 56400.00000    -1.13020
 56450.00000    -1.12440
 56500.00000    -1.12030
 56550.00000    -1.11420
 56600.00000    -1.10850
 56650.00000    -1.09830
 56700.00000    -1.09480
 56750.00000    -1.08880
 56800.00000    -1.08130
 56850.00000    -1.07850
 56900.00000    -1.07470
 56950.00000    -1.07460
 57000.00000    -1.07540
 57050.00000    -1.06900
 57100.00000    -1.06890
 57150.00000    -1.06760
 57200.00000    -1.06850
 57250.00000    -1.07210
 57300.00000    -1.07810
 57350.00000    -1.07830
 57400.00000    -1.07660
 57450.00000    -1.07330
 57500.00000    -1.07020
 57550.00000    -1.06820
 57600.00000    -1.07010
 57650.00000    -1.07050
 57700.00000    -1.07160
 57750.00000    -1.07310
 57800.00000    -1.07720
 57850.00000    -1.07450
 57900.00000    -1.07360
 57950.00000    -1.07400
 58000.00000    -1.07530
 58050.00000    -1.07920
 58100.00000    -1.07990
 58150.00000    -1.08310
 58200.00000    -1.08580
 58250.00000    -1.08950
 58300.00000    -1.09090
 58350.00000    -1.09170
 58400.00000    -1.09370
 58450.00000    -1.09670
 58500.00000    -1.09880
 58550.00000    -1.10120
 58600.00000    -1.10500
 58650.00000    -1.11080
 58700.00000    -1.11580
 58750.00000    -1.12270
 58800.00000    -1.12870
 58850.00000    -1.13970
 58900.00000    -1.14690
 58950.00000    -1.15180
 59000.00000    -1.16010
 59050.00000    -1.16800
 59100.00000    -1.17700
 59150.00000    -1.18610
 59200.00000    -1.19150
 59250.00000    -1.19720
 59300.00000    -1.20610
 59350.00000    -1.21680
 59400.00000    -1.22380
 59450.00000    -1.23050
 59500.00000    -1.23820
 59550.00000    -1.24400
 59600.00000    -1.25300
 59650.00000    -1.26250
 59700.00000    -1.27270
 59750.00000    -1.27960
 59800.00000    -1.29080
 59850.00000    -1.30030
 59900.00000    -1.30820
 59950.00000    -1.31460
 60000.00000    -1.31820
 60050.00000    -1.32440
 60100.00000    -1.33450
 60150.00000    -1.34250
 60200.00000    -1.35040
 60250.00000    -1.35570
 60300.00000    -1.36390
 60350.00000    -1.37000
 60400.00000    -1.37610
 60450.00000    -1.38330
 60500.00000    -1.39030
 60550.00000    -1.39880
 60600.00000    -1.40730
 60650.00000    -1.41120
 60700.00000    -1.41790
 60750.00000    -1.42500
 60800.00000    -1.43000
 60850.00000    -1.43320
 60900.00000    -1.43960
 60950.00000    -1.44350
 61000.00000    -1.44820
 61050.00000    -1.45420
 61100.00000    -1.45480
 61150.00000    -1.45780
 61200.00000    -1.46230
 61250.00000    -1.46710
 61300.00000    -1.47440
 61350.00000    -1.48770
 61400.00000    -1.49470
 61450.00000    -1.49990
 61500.00000    -1.50730
 61550.00000    -1.51400
 61600.00000    -1.51760
 61650.00000    -1.52560
 61700.00000    -1.53080
 61750.00000    -1.53790
 61800.00000    -1.54410
 61850.00000    -1.54870
 61900.00000    -1.54690
 61950.00000    -1.55030
 62000.00000    -1.55530
 62050.00000    -1.55950
 62100.00000    -1.56190
 62150.00000    -1.56650
 62200.00000    -1.57200
 62250.00000    -1.57610
 62300.00000    -1.58080
 62350.00000    -1.58350
 62400.00000    -1.58700
 62450.00000    -1.59200
 62500.00000    -1.59550
 62550.00000    -1.60120
 62600.00000    -1.60550
 62650.00000    -1.60650
 62700.00000    -1.60960
 62750.00000    -1.61230
 62800.00000    -1.61560
 62850.00000    -1.61820
 62900.00000    -1.62070
 62950.00000    -1.62400
 63000.00000    -1.63000
 63050.00000    -1.63590
 63100.00000    -1.64110
 63150.00000    -1.64560
 63200.00000    -1.64780
 63250.00000    -1.65390
 63300.00000    -1.65730
 63350.00000    -1.65590
 63400.00000    -1.65590
 63450.00000    -1.65830
 63500.00000    -1.66030
 63550.00000    -1.66140
 63600.00000    -1.66470
 63650.00000    -1.66450
 63700.00000    -1.67000
 63750.00000    -1.66980
 63800.00000    -1.67220
 63850.00000    -1.67550
 63900.00000    -1.67650
 63950.00000    -1.67590
 64000.00000    -1.67840
 64050.00000    -1.67980
 64100.00000    -1.68020
 64150.00000    -1.68440
 64200.00000    -1.68680
 64250.00000    -1.69050
 64300.00000    -1.69430
 64350.00000    -1.69340
 64400.00000    -1.69260
 64450.00000    -1.69490
 64500.00000    -1.69980
 64550.00000    -1.70120
 64600.00000    -1.70540
 64650.00000    -1.70790
 64700.00000    -1.70170
 64750.00000    -1.70390
 64800.00000    -1.70530
 64850.00000    -1.70530
 64900.00000    -1.70400
 64950.00000    -1.70920
 65000.00000    -1.70930
 65050.00000    -1.70850
 65100.00000    -1.71110
 65150.00000    -1.71160
 65200.00000    -1.71160
 65250.00000    -1.71180
 65300.00000    -1.71350
 65350.00000    -1.71510
 65400.00000    -1.71120
 65450.00000    -1.70760
 65500.00000    -1.70450
 65550.00000    -1.70190
 65600.00000    -1.69660
 65650.00000    -1.69130
 65700.00000    -1.68890
 65750.00000    -1.68050
 65800.00000    -1.67590
 65850.00000    -1.67270
 65900.00000    -1.66910
 65950.00000    -1.66710
 66000.00000    -1.66460
 66050.00000    -1.66170
 66100.00000    -1.65880
 66150.00000    -1.65820
 66200.00000    -1.65660
 66250.00000    -1.65640
 66300.00000    -1.65360
 66350.00000    -1.65350
 66400.00000    -1.65500
 66450.00000    -1.65420
 66500.00000    -1.64950
 66550.00000    -1.64720
 66600.00000    -1.64540
 66650.00000    -1.64360
 66700.00000    -1.64180
 66750.00000    -1.63530
 66800.00000    -1.63450
 66850.00000    -1.62820
 66900.00000    -1.62300
 66950.00000    -1.62080
 67000.00000    -1.61950
 67050.00000    -1.61550
 67100.00000    -1.61320
 67150.00000    -1.60690
 67200.00000    -1.60100
 67250.00000    -1.59480
 67300.00000    -1.58740
 67350.00000    -1.57720
 67400.00000    -1.56870
 67450.00000    -1.56020
 67500.00000    -1.55240
 67550.00000    -1.54540
 67600.00000    -1.53010
 67650.00000    -1.51650
 67700.00000    -1.50680
 67750.00000    -1.50410
 67800.00000    -1.49170
 67850.00000    -1.48070
 67900.00000    -1.46790
 67950.00000    -1.46190
 68000.00000    -1.45110
 68050.00000    -1.44110
 68100.00000    -1.43190
 68150.00000    -1.41740
 68200.00000    -1.40230
 68250.00000    -1.39020
 68300.00000    -1.37730
 68350.00000    -1.36160
 68400.00000    -1.34650
 68450.00000    -1.33770
 68500.00000    -1.32930
 68550.00000    -1.31920
 68600.00000    -1.30770
 68650.00000    -1.29900
 68700.00000    -1.28860
 68750.00000    -1.27640
 68800.00000    -1.27240
 68850.00000    -1.26150
 68900.00000    -1.24820
 68950.00000    -1.23830
 69000.00000    -1.22310
 69050.00000    -1.20780
 69100.00000    -1.19440
 69150.00000    -1.18330
 69200.00000    -1.16980
 69250.00000    -1.15650
 69300.00000    -1.14420
 69350.00000    -1.13300
 69400.00000    -1.12650
 69450.00000    -1.11940
 69500.00000    -1.11220
 69550.00000    -1.10830
 69600.00000    -1.10180
 69650.00000    -1.09610
 69700.00000    -1.08730
 69750.00000    -1.08120
 69800.00000    -1.07410
 69850.00000    -1.06680
 69900.00000    -1.06230
 69950.00000    -1.05910
 70000.00000    -1.05440
 70050.00000    -1.04730
 70100.00000    -1.03970
 70150.00000    -1.03090
 70200.00000    -1.02540
 70250.00000    -1.01900
 70300.00000    -1.01540
 70350.00000    -1.00980
 70400.00000    -1.00660
 70450.00000    -1.00090
 70500.00000    -0.99532
 70550.00000    -0.99034
 70600.00000    -0.98164
 70650.00000    -0.98456
 70700.00000    -0.98143
 70750.00000    -0.98148
 70800.00000    -0.97574
 70850.00000    -0.97338
 70900.00000    -0.97062
 70950.00000    -0.97346
 71000.00000    -0.97291
 71050.00000    -0.96972
 71100.00000    -0.96880
 71150.00000    -0.96495
 71200.00000    -0.96239
 71250.00000    -0.96569
 71300.00000    -0.96221
 71350.00000    -0.95828
 71400.00000    -0.95772
 71450.00000    -0.95943
 71500.00000    -0.95739
 71550.00000    -0.95589
 71600.00000    -0.95351
 71650.00000    -0.95124
 71700.00000    -0.94929
 71750.00000    -0.94754
 71800.00000    -0.94697
 71850.00000    -0.94359
 71900.00000    -0.94598
 71950.00000    -0.94858
 72000.00000    -0.94694
 72050.00000    -0.94748
 72100.00000    -0.94757
 72150.00000    -0.94976
 72200.00000    -0.94774
 72250.00000    -0.94738
 72300.00000    -0.94620
 72350.00000    -0.94505
 72400.00000    -0.93966
 72450.00000    -0.93258
 72500.00000    -0.92083
 72550.00000    -0.91718
 72600.00000    -0.91135
 72650.00000    -0.90540
 72700.00000    -0.90130
 72750.00000    -0.90144
 72800.00000    -0.89951
 72850.00000    -0.90085
 72900.00000    -0.90024
 72950.00000    -0.89998
 73000.00000    -0.89680
 73050.00000    -0.89499
 73100.00000    -0.89363
 73150.00000    -0.89208
 73200.00000    -0.89434
 73250.00000    -0.89764
 73300.00000    -0.89579
 73350.00000    -0.89493
 73400.00000    -0.89587
 73450.00000    -0.89494
 73500.00000    -0.89725
 73550.00000    -0.89897
 73600.00000    -0.89628
 73650.00000    -0.89719
 73700.00000    -0.89353
 73750.00000    -0.89424
 73800.00000    -0.89565
 73850.00000    -0.89553
 73900.00000    -0.89672
 73950.00000    -0.89142
 74000.00000    -0.88389
 74050.00000    -0.87981
 74100.00000    -0.87854
 74150.00000    -0.87977
 74200.00000    -0.87919
 74250.00000    -0.88199
 74300.00000    -0.87651
 74350.00000    -0.87437
 74400.00000    -0.87638
 74450.00000    -0.87849
 74500.00000    -0.87798
 74550.00000    -0.88055
 74600.00000    -0.87801
 74650.00000    -0.87700
 74700.00000    -0.87833
 74750.00000    -0.88043
 74800.00000    -0.88313
 74850.00000    -0.88404
 74900.00000    -0.88348
 74950.00000    -0.88158
 75000.00000    -0.87915
 75050.00000    -0.87739
 75100.00000    -0.87957
 75150.00000    -0.88300
 75200.00000    -0.87892
 75250.00000    -0.87839
 75300.00000    -0.87749
 75350.00000    -0.87778
 75400.00000    -0.87504
 75450.00000    -0.87521
 75500.00000    -0.87208
 75550.00000    -0.87548
 75600.00000    -0.87572
 75650.00000    -0.87301
 75700.00000    -0.87378
 75750.00000    -0.87041
 75800.00000    -0.86399
 75850.00000    -0.86087
 75900.00000    -0.85650
 75950.00000    -0.84991
 76000.00000    -0.84375
 76050.00000    -0.83758
 76100.00000    -0.83191
 76150.00000    -0.82888
 76200.00000    -0.82454
 76250.00000    -0.81807
 76300.00000    -0.81287
 76350.00000    -0.81041
 76400.00000    -0.80448
 76450.00000    -0.79914
 76500.00000    -0.79416
 76550.00000    -0.78788
 76600.00000    -0.78259
 76650.00000    -0.78097
 76700.00000    -0.77382
 76750.00000    -0.76971
 76800.00000    -0.76060
 76850.00000    -0.75271
 76900.00000    -0.74797
 76950.00000    -0.73985
 77000.00000    -0.73641
 77050.00000    -0.73359
 77100.00000    -0.72682
 77150.00000    -0.72067
 77200.00000    -0.71011
 77250.00000    -0.70484
 77300.00000    -0.69856
 77350.00000    -0.69646
 77400.00000    -0.69196
 77450.00000    -0.68292
 77500.00000    -0.67332
 77550.00000    -0.66613
 77600.00000    -0.65777
 77650.00000    -0.65190
 77700.00000    -0.64340
 77750.00000    -0.63236
 77800.00000    -0.62411
 77850.00000    -0.61659
 77900.00000    -0.60795
 77950.00000    -0.60083
 78000.00000    -0.59134
 78050.00000    -0.58266
 78100.00000    -0.57364
 78150.00000    -0.56365
 78200.00000    -0.55407
 78250.00000    -0.54777
 78300.00000    -0.53995
 78350.00000    -0.52878
 78400.00000    -0.52122
 78450.00000    -0.51531
 78500.00000    -0.50682
 78550.00000    -0.49843
 78600.00000    -0.48870
 78650.00000    -0.47991
 78700.00000    -0.47369
 78750.00000    -0.46381
 78800.00000    -0.45914
 78850.00000    -0.45470
 78900.00000    -0.44745
 78950.00000    -0.44110
 79000.00000    -0.43584
 79050.00000    -0.43020
 79100.00000    -0.42495
 79150.00000    -0.41880
 79200.00000    -0.41209
 79250.00000    -0.40721
 79300.00000    -0.40202
 79350.00000    -0.39279
 79400.00000    -0.38801
 79450.00000    -0.38460
 79500.00000    -0.37868
 79550.00000    -0.37333
 79600.00000    -0.36978
 79650.00000    -0.36186
 79700.00000    -0.35509
 79750.00000    -0.35212
 79800.00000    -0.34551
 79850.00000    -0.34595
 79900.00000    -0.34112
 79950.00000    -0.33609
 80000.00000    -0.33422
 80050.00000    -0.33199
 80100.00000    -0.33008
 80150.00000    -0.32740
 80200.00000    -0.32590
 80250.00000    -0.32316
 80300.00000    -0.31961
 80350.00000    -0.31353
 80400.00000    -0.30984
 80450.00000    -0.30667
 80500.00000    -0.30558
 80550.00000    -0.30474
 80600.00000    -0.30361
 80650.00000    -0.30074
 80700.00000    -0.29964
 80750.00000    -0.30165
 80800.00000    -0.30290
 80850.00000    -0.30066
 80900.00000    -0.30004
 80950.00000    -0.29947
 81000.00000    -0.29900
 81050.00000    -0.29859
 81100.00000    -0.30011
 81150.00000    -0.30417
 81200.00000    -0.30541
 81250.00000    -0.30729
 81300.00000    -0.30696
 81350.00000    -0.30740
 81400.00000    -0.30959
 81450.00000    -0.31020
 81500.00000    -0.30952
 81550.00000    -0.31174
 81600.00000    -0.31589
 81650.00000    -0.31864
 81700.00000    -0.31943
 81750.00000    -0.32038
 81800.00000    -0.32522
 81850.00000    -0.32772
 81900.00000    -0.32845
 81950.00000    -0.33097
 82000.00000    -0.33466
 82050.00000    -0.33684
 82100.00000    -0.33764
 82150.00000    -0.34208
 82200.00000    -0.34555
 82250.00000    -0.34869
 82300.00000    -0.35525
 82350.00000    -0.36047
 82400.00000    -0.36581
 82450.00000    -0.36934
 82500.00000    -0.37150
 82550.00000    -0.37303
 82600.00000    -0.37695
 82650.00000    -0.37962
 82700.00000    -0.38733
 82750.00000    -0.39456
 82800.00000    -0.39859
 82850.00000    -0.40532
 82900.00000    -0.40731
 82950.00000    -0.41335
 83000.00000    -0.42138
 83050.00000    -0.43073
 83100.00000    -0.43862
 83150.00000    -0.44482
 83200.00000    -0.45413
 83250.00000    -0.46023
 83300.00000    -0.46869
 83350.00000    -0.47662
 83400.00000    -0.48566
 83450.00000    -0.49403
 83500.00000    -0.50413
 83550.00000    -0.51192
 83600.00000    -0.52364
 83650.00000    -0.53089
 83700.00000    -0.54036
 83750.00000    -0.55019
 83800.00000    -0.55975
 83850.00000    -0.56991
 83900.00000    -0.57882
 83950.00000    -0.58874
 84000.00000    -0.59957
 84050.00000    -0.61091
 84100.00000    -0.62601
 84150.00000    -0.63993
 84200.00000    -0.65089
 84250.00000    -0.66292
 84300.00000    -0.67382
 84350.00000    -0.68744
 84400.00000    -0.70014
 84450.00000    -0.71286
 84500.00000    -0.72316
 84550.00000    -0.73503
 84600.00000    -0.74569
 84650.00000    -0.75579
 84700.00000    -0.76802
 84750.00000    -0.78030
 84800.00000    -0.79067
 84850.00000    -0.79904
 84900.00000    -0.80654
 84950.00000    -0.81434
 85000.00000    -0.82267
 85050.00000    -0.83104
 85100.00000    -0.84225
 85150.00000    -0.85141
 85200.00000    -0.85803
 85250.00000    -0.86366
 85300.00000    -0.86872
 85350.00000    -0.87286
 85400.00000    -0.87760
 85450.00000    -0.88494
 85500.00000    -0.89342
 85550.00000    -0.90238
 85600.00000    -0.91344
 85650.00000    -0.92112
 85700.00000    -0.92746
 85750.00000    -0.93199
 85800.00000    -0.93789
 85850.00000    -0.94524
 85900.00000    -0.94929
 85950.00000    -0.95671
 86000.00000    -0.96300
 86050.00000    -0.96602
 86100.00000    -0.96677
 86150.00000    -0.97053
 86200.00000    -0.97522
 86250.00000    -0.97562
 86300.00000    -0.97791
 86350.00000    -0.98091
 86400.00000    -0.98413
 86450.00000    -0.98454
 86500.00000    -0.98589
 86550.00000    -0.98956
 86600.00000    -0.99328
 86650.00000    -0.99119
 86700.00000    -0.99358
 86750.00000    -0.99547
 86800.00000    -0.99534
 86850.00000    -0.99809
 86900.00000    -0.99868
 86950.00000    -1.00100
 87000.00000    -1.00320
 87050.00000    -1.00350
 87100.00000    -1.00150
 87150.00000    -0.99788
 87200.00000    -0.99274
 87250.00000    -0.99016
 87300.00000    -0.98734
 87350.00000    -0.98446
 87400.00000    -0.98191
 87450.00000    -0.98194
 87500.00000    -0.98202
 87550.00000    -0.98023
 87600.00000    -0.97858
 87650.00000    -0.97527
 87700.00000    -0.97230
 87750.00000    -0.96896
 87800.00000    -0.96407
 87850.00000    -0.96184
 87900.00000    -0.95972
 87950.00000    -0.95944
 88000.00000    -0.95708
 88050.00000    -0.95699
 88100.00000    -0.95352
 88150.00000    -0.94802
 88200.00000    -0.94685
 88250.00000    -0.94520
 88300.00000    -0.94639
 88350.00000    -0.94731
 88400.00000    -0.94444
 88450.00000    -0.94102
 88500.00000    -0.93801
 88550.00000    -0.93348
 88600.00000    -0.92713
 88650.00000    -0.92074
 88700.00000    -0.91791
 88750.00000    -0.91583
 88800.00000    -0.91314
 88850.00000    -0.90777
 88900.00000    -0.90446
 88950.00000    -0.90358
 89000.00000    -0.89924
 89050.00000    -0.89553
 89100.00000    -0.89421
 89150.00000    -0.89125
 89200.00000    -0.88634
 89250.00000    -0.88260
 89300.00000    -0.88144
 89350.00000    -0.87881
 89400.00000    -0.87801
 89450.00000    -0.87549
 89500.00000    -0.87352
 89550.00000    -0.87335
 89600.00000    -0.86822
 89650.00000    -0.86510
 89700.00000    -0.86453
 89750.00000    -0.85793
 89800.00000    -0.85088
 89850.00000    -0.84465
 89900.00000    -0.83754
 89950.00000    -0.83351
 90000.00000    -0.82800
 90050.00000    -0.81943
 90100.00000    -0.81097
 90150.00000    -0.80406
 90200.00000    -0.79784
 90250.00000    -0.79047
 90300.00000    -0.78036
 90350.00000    -0.77081
 90400.00000    -0.76198
 90450.00000    -0.75280
 90500.00000    -0.74231
 90550.00000    -0.72893
 90600.00000    -0.71760
 90650.00000    -0.70653
 90700.00000    -0.69835
 90750.00000    -0.68920
 90800.00000    -0.67964
 90850.00000    -0.67291
 90900.00000    -0.66673
 90950.00000    -0.65813
 91000.00000    -0.64741
 91050.00000    -0.63916
 91100.00000    -0.62754
 91150.00000    -0.61685
 91200.00000    -0.60999
 91250.00000    -0.60042
 91300.00000    -0.59054
 91350.00000    -0.58026
 91400.00000    -0.57079
 91450.00000    -0.56466
 91500.00000    -0.55995
 91550.00000    -0.55135
 91600.00000    -0.54571
 91650.00000    -0.54357
 91700.00000    -0.53816
 91750.00000    -0.53012
 91800.00000    -0.52535
 91850.00000    -0.51921
 91900.00000    -0.51557
 91950.00000    -0.51033
 92000.00000    -0.50234
 92050.00000    -0.49606
 92100.00000    -0.49012
 92150.00000    -0.48345
 92200.00000    -0.47924
 92250.00000    -0.47800
 92300.00000    -0.47418
 92350.00000    -0.47069
 92400.00000    -0.46847
 92450.00000    -0.46296
 92500.00000    -0.45922
 92550.00000    -0.45767
 92600.00000    -0.45202
 92650.00000    -0.44636
 92700.00000    -0.44158
 92750.00000    -0.43767
 92800.00000    -0.43816
 92850.00000    -0.43944
 92900.00000    -0.43897
 92950.00000    -0.43852
 93000.00000    -0.43661
 93050.00000    -0.43611
 93100.00000    -0.43665
 93150.00000    -0.43820
 93200.00000    -0.43968
 93250.00000    -0.43541
 93300.00000    -0.43666
 93350.00000    -0.43942
 93400.00000    -0.44224
 93450.00000    -0.44442
 93500.00000    -0.44674
 93550.00000    -0.44909
 93600.00000    -0.45360
 93650.00000    -0.45846
 93700.00000    -0.46221
 93750.00000    -0.46525
 93800.00000    -0.46900
 93850.00000    -0.47312
 93900.00000    -0.47477
 93950.00000    -0.47672
 94000.00000    -0.47944
 94050.00000    -0.48212
 94100.00000    -0.48515
 94150.00000    -0.48934
 94200.00000    -0.49317
 94250.00000    -0.49419
 94300.00000    -0.49613
 94350.00000    -0.50042
 94400.00000    -0.50510
 94450.00000    -0.50955
 94500.00000    -0.51230
 94550.00000    -0.51441
 94600.00000    -0.51888
 94650.00000    -0.52067
 94700.00000    -0.52266
 94750.00000    -0.52424
 94800.00000    -0.52734
 94850.00000    -0.52641
 94900.00000    -0.52844
 94950.00000    -0.52871
 95000.00000    -0.52922
 95050.00000    -0.53298
 95100.00000    -0.53611
 95150.00000    -0.53736
 95200.00000    -0.53993
 95250.00000    -0.54355
 95300.00000    -0.54280
 95350.00000    -0.54564
 95400.00000    -0.54695
 95450.00000    -0.54682
 95500.00000    -0.54835
 95550.00000    -0.55047
 95600.00000    -0.55008
 95650.00000    -0.55091
 95700.00000    -0.55408
 95750.00000    -0.55537
 95800.00000    -0.55435
 95850.00000    -0.55344
 95900.00000    -0.55403
 95950.00000    -0.55633
 96000.00000    -0.55523
 96050.00000    -0.55482
 96100.00000    -0.55523
 96150.00000    -0.55565
 96200.00000    -0.55579
 96250.00000    -0.55762
 96300.00000    -0.56184
 96350.00000    -0.56524
 96400.00000    -0.56923
 96450.00000    -0.57195
 96500.00000    -0.57353
 96550.00000    -0.57505
 96600.00000    -0.57596
 96650.00000    -0.57826
 96700.00000    -0.58258
 96750.00000    -0.58566
 96800.00000    -0.58888
 96850.00000    -0.59136
 96900.00000    -0.59189
 96950.00000    -0.59291
 97000.00000    -0.59487
 97050.00000    -0.59891
 97100.00000    -0.60144
 97150.00000    -0.60459
 97200.00000    -0.60786
 97250.00000    -0.61169
 97300.00000    -0.61591
 97350.00000    -0.62047
 97400.00000    -0.62230
 97450.00000    -0.62292
 97500.00000    -0.62604
 97550.00000    -0.62943
 97600.00000    -0.63235
 97650.00000    -0.63519
 97700.00000    -0.63755
 97750.00000    -0.63827
 97800.00000    -0.64178
 97850.00000    -0.64302
 97900.00000    -0.64585
 97950.00000    -0.64677
 98000.00000    -0.64855
 98050.00000    -0.65027
 98100.00000    -0.65069
 98150.00000    -0.64995
 98200.00000    -0.65132
 98250.00000    -0.65340
 98300.00000    -0.65356
 98350.00000    -0.65404
 98400.00000    -0.65119
 98450.00000    -0.64992
 98500.00000    -0.64955
 98550.00000    -0.64719
 98600.00000    -0.64388
 98650.00000    -0.64280
 98700.00000    -0.64099
 98750.00000    -0.64131
 98800.00000    -0.64152
 98850.00000    -0.64161
 98900.00000    -0.64206
 98950.00000    -0.64248
 99000.00000    -0.63858
 99050.00000    -0.63560
 99100.00000    -0.63392
 99150.00000    -0.62939
 99200.00000    -0.62741
 99250.00000    -0.62635
 99300.00000    -0.62367
 99350.00000    -0.62328
 99400.00000    -0.62035
 99450.00000    -0.61590
 99500.00000    -0.61125
 99550.00000    -0.60657
 99600.00000    -0.60188
 99650.00000    -0.59752
 99700.00000    -0.59433
 99750.00000    -0.58992
 99800.00000    -0.58619
 99850.00000    -0.58058
 99900.00000    -0.57614
 99950.00000    -0.57370
100000.00000    -0.57143
100050.00000    -0.56899
100100.00000    -0.56596
100150.00000    -0.56473
100200.00000    -0.56359
100250.00000    -0.56321
100300.00000    -0.56433
100350.00000    -0.56704
100400.00000    -0.57131
100450.00000    -0.57748
100500.00000    -0.58362
100550.00000    -0.58624
100600.00000    -0.58793
100650.00000    -0.58970
100700.00000    -0.59173
100750.00000    -0.59455
100800.00000    -0.59879
100850.00000    -0.60404
100900.00000    -0.60938
100950.00000    -0.61440
101000.00000    -0.61983
101050.00000    -0.62542
101100.00000    -0.63140
101150.00000    -0.63811
101200.00000    -0.64560
101250.00000    -0.65027
101300.00000    -0.65308
101350.00000    -0.65664
101400.00000    -0.66274
101450.00000    -0.67035
101500.00000    -0.67602
101550.00000    -0.68199
101600.00000    -0.68891
101650.00000    -0.69557
101700.00000    -0.70170
101750.00000    -0.70810
101800.00000    -0.71319
101850.00000    -0.71881
101900.00000    -0.72391
101950.00000    -0.72652
102000.00000    -0.72778
102050.00000    -0.73496
102100.00000    -0.74510
102150.00000    -0.75294
102200.00000    -0.76084
102250.00000    -0.76554
102300.00000    -0.77014
102350.00000    -0.77606
102400.00000    -0.78166
102450.00000    -0.78703
102500.00000    -0.79161
102550.00000    -0.79638
102600.00000    -0.80314
102650.00000    -0.81081
102700.00000    -0.81862
102750.00000    -0.82442
102800.00000    -0.82916
102850.00000    -0.83299
102900.00000    -0.83905
102950.00000    -0.84568
103000.00000    -0.85211
103050.00000    -0.85935
103100.00000    -0.86579
103150.00000    -0.86898
103200.00000    -0.87093
103250.00000    -0.87050
103300.00000    -0.86847
103350.00000    -0.86689
103400.00000    -0.86618
103450.00000    -0.86259
103500.00000    -0.85727
103550.00000    -0.85101
103600.00000    -0.84693
103650.00000    -0.84435
103700.00000    -0.84169
103750.00000    -0.83792
103800.00000    -0.83305
103850.00000    -0.82643
103900.00000    -0.82004
103950.00000    -0.81658
104000.00000    -0.81480
104050.00000    -0.81208
104100.00000    -0.80842
104150.00000    -0.80375
104200.00000    -0.80033
104250.00000    -0.79809
104300.00000    -0.79630
104350.00000    -0.79399
104400.00000    -0.79093
104450.00000    -0.78785
104500.00000    -0.78548
104550.00000    -0.78431
104600.00000    -0.78298
104650.00000    -0.78155
104700.00000    -0.78023
104750.00000    -0.77904
104800.00000    -0.77844
104850.00000    -0.78100
104900.00000    -0.78539
104950.00000    -0.79040
105000.00000    -0.79617
105050.00000    -0.80180
105100.00000    -0.80639
105150.00000    -0.80945
105200.00000    -0.81556
105250.00000    -0.82348
105300.00000    -0.83239
105350.00000    -0.84099
105400.00000    -0.84904
105450.00000    -0.85758
105500.00000    -0.86580
105550.00000    -0.87434
105600.00000    -0.88321
105650.00000    -0.89089
105700.00000    -0.89790
105750.00000    -0.90377
105800.00000    -0.91028
105850.00000    -0.91762
105900.00000    -0.92664
105950.00000    -0.93553
106000.00000    -0.94236
106050.00000    -0.94719
106100.00000    -0.95218
106150.00000    -0.95730
106200.00000    -0.96405
106250.00000    -0.97254
106300.00000    -0.98268
106350.00000    -0.99222
106400.00000    -0.99993
106450.00000    -1.00480
106500.00000    -1.01110
106550.00000    -1.01970
106600.00000    -1.02840
106650.00000    -1.03590
106700.00000    -1.04280
106750.00000    -1.04930
106800.00000    -1.05630
106850.00000    -1.06420
106900.00000    -1.07260
106950.00000    -1.07910
107000.00000    -1.08410
107050.00000    -1.08810
107100.00000    -1.09130
107150.00000    -1.09480
107200.00000    -1.10040
107250.00000    -1.10470
107300.00000    -1.10810
107350.00000    -1.11210
107400.00000    -1.11630
107450.00000    -1.12060
107500.00000    -1.12320
107550.00000    -1.12570
107600.00000    -1.12980
107650.00000    -1.13440
107700.00000    -1.13860
107750.00000    -1.14390
107800.00000    -1.14930
107850.00000    -1.15270
107900.00000    -1.15290
107950.00000    -1.15250
108000.00000    -1.15270
108050.00000    -1.15280
108100.00000    -1.15160
108150.00000    -1.14950
108200.00000    -1.14580
108250.00000    -1.13910
108300.00000    -1.13210
108350.00000    -1.12560
108400.00000    -1.12020
108450.00000    -1.11410
108500.00000    -1.10590
108550.00000    -1.09890
108600.00000    -1.09340
108650.00000    -1.08880
108700.00000    -1.08430
108750.00000    -1.07910
108800.00000    -1.07350
108850.00000    -1.06740
108900.00000    -1.06080
108950.00000    -1.05340
109000.00000    -1.04550
109050.00000    -1.03850
109100.00000    -1.03240
109150.00000    -1.02500
109200.00000    -1.01680
109250.00000    -1.00930
109300.00000    -1.00190
109350.00000    -0.99376
109400.00000    -0.98622
109450.00000    -0.98026
109500.00000    -0.97452
109550.00000    -0.96696
109600.00000    -0.95785
109650.00000    -0.94880
109700.00000    -0.93913
109750.00000    -0.93114
109800.00000    -0.92545
109850.00000    -0.92041
109900.00000    -0.91500
109950.00000    -0.90893
110000.00000    -0.90367
110050.00000    -0.89810
110100.00000    -0.89095
110150.00000    -0.88684
110200.00000    -0.88308
110250.00000    -0.87609
110300.00000    -0.87062
110350.00000    -0.86594
110400.00000    -0.86232
110450.00000    -0.86132
110500.00000    -0.86033
110550.00000    -0.85743
110600.00000    -0.85301
110650.00000    -0.84803
110700.00000    -0.84390
110750.00000    -0.84137
110800.00000    -0.83640
110850.00000    -0.83011
110900.00000    -0.82509
110950.00000    -0.82088
111000.00000    -0.81416
111050.00000    -0.80686
111100.00000    -0.80092
111150.00000    -0.79703
111200.00000    -0.79211
111250.00000    -0.79122
111300.00000    -0.79113
111350.00000    -0.78831
111400.00000    -0.78275
111450.00000    -0.77626
111500.00000    -0.77022
111550.00000    -0.76676
111600.00000    -0.76348
111650.00000    -0.75970
111700.00000    -0.75609
111750.00000    -0.75127
111800.00000    -0.74398
111850.00000    -0.73894
111900.00000    -0.73476
111950.00000    -0.72951
112000.00000    -0.72487
112050.00000    -0.72050
112100.00000    -0.71174
112150.00000    -0.70462
112200.00000    -0.69864
112250.00000    -0.69279
112300.00000    -0.68597
112350.00000    -0.67863
112400.00000    -0.67097
112450.00000    -0.66406
112500.00000    -0.65780
112550.00000    -0.65196
112600.00000    -0.64926
112650.00000    -0.64703
112700.00000    -0.64590
112750.00000    -0.64534
112800.00000    -0.64076
112850.00000    -0.63457
112900.00000    -0.62792
112950.00000    -0.62143
113000.00000    -0.61577
113050.00000    -0.60910
113100.00000    -0.60267
113150.00000    -0.59794
113200.00000    -0.59147
113250.00000    -0.58492
113300.00000    -0.58122
113350.00000    -0.57544
113400.00000    -0.56493
113450.00000    -0.55399
113500.00000    -0.54080
113550.00000    -0.52772
113600.00000    -0.51591
113650.00000    -0.50559
113700.00000    -0.49440
113750.00000    -0.48193
113800.00000    -0.46961
113850.00000    -0.45680
113900.00000    -0.44313
113950.00000    -0.42829
114000.00000    -0.41185
114050.00000    -0.39882
114100.00000    -0.38669
114150.00000    -0.37376
114200.00000    -0.36086
114250.00000    -0.34950
114300.00000    -0.33681
114350.00000    -0.32672
114400.00000    -0.31710
114450.00000    -0.30723
114500.00000    -0.29613
114550.00000    -0.28548
114600.00000    -0.27509
114650.00000    -0.26226
114700.00000    -0.24966
114750.00000    -0.23547
114800.00000    -0.22106
114850.00000    -0.21299
114900.00000    -0.20144
114950.00000    -0.18824
115000.00000    -0.17681
115050.00000    -0.16519
115100.00000    -0.15200
115150.00000    -0.14150
115200.00000    -0.12855
115250.00000    -0.11367
115300.00000    -0.09865
115350.00000    -0.08576
115400.00000    -0.07290
115450.00000    -0.06008
115500.00000    -0.04589
115550.00000    -0.03064
115600.00000    -0.01620
115650.00000     0.00012
115700.00000     0.01631
115750.00000     0.03248
115800.00000     0.04868
115850.00000     0.06336
115900.00000     0.07952
115950.00000     0.09543
116000.00000     0.11107
116050.00000     0.12666
116100.00000     0.14183
116150.00000     0.15658
116200.00000     0.17104
116250.00000     0.18536
116300.00000     0.19955
116350.00000     0.21458
116400.00000     0.22929
116450.00000     0.23997
116500.00000     0.25030
116550.00000     0.26017
116600.00000     0.26947
116650.00000     0.27840
116700.00000     0.28847
116750.00000     0.29914
116800.00000     0.30918
116850.00000     0.31931
116900.00000     0.32794
116950.00000     0.33563
117000.00000     0.34253
117050.00000     0.34863
117100.00000     0.35608
117150.00000     0.36289
117200.00000     0.36949
117250.00000     0.37686
117300.00000     0.38394
117350.00000     0.39311
117400.00000     0.40479
117450.00000     0.41441
117500.00000     0.42134
117550.00000     0.42715
117600.00000     0.43339
117650.00000     0.44178
117700.00000     0.44827
117750.00000     0.45398
117800.00000     0.45858
117850.00000     0.46166
117900.00000     0.46877
117950.00000     0.47467
118000.00000     0.47925
118050.00000     0.48445
118100.00000     0.49048
118150.00000     0.49570
118200.00000     0.49978
118250.00000     0.50132
118300.00000     0.50215
118350.00000     0.50421
118400.00000     0.50744
118450.00000     0.51045
118500.00000     0.51430
118550.00000     0.51709
118600.00000     0.51895
118650.00000     0.52290
118700.00000     0.52847
118750.00000     0.53303
118800.00000     0.53756
118850.00000     0.54203
118900.00000     0.54438
118950.00000     0.54800
119000.00000     0.55209
119050.00000     0.55573
119100.00000     0.55905
119150.00000     0.56150
119200.00000     0.56364
119250.00000     0.56839
119300.00000     0.57294
119350.00000     0.57644
119400.00000     0.58148
119450.00000     0.58716
119500.00000     0.59266
119550.00000     0.59805
119600.00000     0.60331
119650.00000     0.60804
119700.00000     0.61335
119750.00000     0.62063
119800.00000     0.62766
119850.00000     0.63459
119900.00000     0.64257
119950.00000     0.65013
120000.00000     0.65756
120050.00000     0.66446
120100.00000     0.66966
120150.00000     0.67426
120200.00000     0.68029
120250.00000     0.68676
120300.00000     0.69317
120350.00000     0.69922
120400.00000     0.70398
120450.00000     0.70883
120500.00000     0.71575
120550.00000     0.72400
120600.00000     0.73224
120650.00000     0.73962
120700.00000     0.74537
120750.00000     0.75218
120800.00000     0.76100
120850.00000     0.76987
120900.00000     0.77866
120950.00000     0.78599
121000.00000     0.79227
121050.00000     0.79846
121100.00000     0.80432
121150.00000     0.80960
121200.00000     0.81460
121250.00000     0.81885
121300.00000     0.82562
121350.00000     0.83368
121400.00000     0.84131
121450.00000     0.84921
121500.00000     0.85523
121550.00000     0.85899
121600.00000     0.86355
121650.00000     0.87009
121700.00000     0.87581
121750.00000     0.87902
121800.00000     0.88262
121850.00000     0.88690
121900.00000     0.89057
121950.00000     0.89491
122000.00000     0.89624
122050.00000     0.89655
122100.00000     0.89765
122150.00000     0.89960
122200.00000     0.90275
122250.00000     0.90639
122300.00000     0.90747
122350.00000     0.90895
122400.00000     0.91186
122450.00000     0.91425
122500.00000     0.91643
122550.00000     0.91880
122600.00000     0.92120
122650.00000     0.92343
122700.00000     0.92540
122750.00000     0.92593
122800.00000     0.92310
122850.00000     0.92133
122900.00000     0.92054
122950.00000     0.91784
123000.00000     0.91542
123050.00000     0.91389
123100.00000     0.91056
123150.00000     0.90831
123200.00000     0.90816
123250.00000     0.90946
123300.00000     0.91154
123350.00000     0.91117
123400.00000     0.91019
123450.00000     0.91000
123500.00000     0.90947
123550.00000     0.90810
123600.00000     0.90572
123650.00000     0.90313
123700.00000     0.90227
123750.00000     0.90288
123800.00000     0.90257
123850.00000     0.89990
123900.00000     0.89711
123950.00000     0.89556
124000.00000     0.89382
124050.00000     0.89293
124100.00000     0.89408
124150.00000     0.89471
124200.00000     0.89471
124250.00000     0.89641
124300.00000     0.89952
124350.00000     0.90161
124400.00000     0.90099
124450.00000     0.89840
124500.00000     0.89553
124550.00000     0.89453
124600.00000     0.89462
124650.00000     0.89454
124700.00000     0.89410
124750.00000     0.89433
124800.00000     0.89635
124850.00000     0.89946
124900.00000     0.90263
124950.00000     0.90612
125000.00000     0.90941
125050.00000     0.91244
125100.00000     0.91562
125150.00000     0.91800
125200.00000     0.91938
125250.00000     0.92109
125300.00000     0.92358
125350.00000     0.92540
125400.00000     0.92659
125450.00000     0.92763
125500.00000     0.92793
125550.00000     0.92812
125600.00000     0.92872
125650.00000     0.92988
125700.00000     0.93207
125750.00000     0.93591
125800.00000     0.94027
125850.00000     0.94435
125900.00000     0.94612
125950.00000     0.94704
126000.00000     0.94938
126050.00000     0.95087
126100.00000     0.95037
126150.00000     0.95193
126200.00000     0.95439
126250.00000     0.95554
126300.00000     0.95494
126350.00000     0.95297
126400.00000     0.95295
126450.00000     0.95413
126500.00000     0.95530
126550.00000     0.95560
126600.00000     0.95474
126650.00000     0.95408
126700.00000     0.95321
126750.00000     0.95193
126800.00000     0.95102
126850.00000     0.95055
126900.00000     0.95019
126950.00000     0.94871
127000.00000     0.94538
127050.00000     0.94315
127100.00000     0.94069
127150.00000     0.93622
127200.00000     0.93223
127250.00000     0.92860
127300.00000     0.92305
127350.00000     0.91635
127400.00000     0.90904
127450.00000     0.90217
127500.00000     0.89564
127550.00000     0.88851
127600.00000     0.88042
127650.00000     0.87117
127700.00000     0.86127
127750.00000     0.85112
127800.00000     0.83961
127850.00000     0.82713
127900.00000     0.81450
127950.00000     0.80168
128000.00000     0.78865
128050.00000     0.77595
128100.00000     0.76335
128150.00000     0.75039
128200.00000     0.73735
128250.00000     0.72443
128300.00000     0.71048
128350.00000     0.69531
128400.00000     0.68089
128450.00000     0.66702
128500.00000     0.65305
128550.00000     0.63870
128600.00000     0.62385
128650.00000     0.60841
128700.00000     0.59222
128750.00000     0.57481
128800.00000     0.55603
128850.00000     0.53691
128900.00000     0.51863
128950.00000     0.50117
129000.00000     0.48414
129050.00000     0.46751
129100.00000     0.45107
129150.00000     0.43479
129200.00000     0.41835
129250.00000     0.40170
129300.00000     0.38491
129350.00000     0.36819
129400.00000     0.35140
129450.00000     0.33439
129500.00000     0.31745
129550.00000     0.30086
129600.00000     0.28470
129650.00000     0.26852
129700.00000     0.25210
129750.00000     0.23543
129800.00000     0.21773
129850.00000     0.19926
129900.00000     0.18048
129950.00000     0.16293
130000.00000     0.14661
130050.00000     0.13020
130100.00000     0.11295
130150.00000     0.09486
130200.00000     0.07565
130250.00000     0.05584
130300.00000     0.03575
130350.00000     0.01581
130400.00000    -0.00395
130450.00000    -0.02341
130500.00000    -0.04244
130550.00000    -0.06104
130600.00000    -0.07915
130650.00000    -0.09686
130700.00000    -0.11451
130750.00000    -0.13223
130800.00000    -0.15039
130850.00000    -0.16894
130900.00000    -0.18768
130950.00000    -0.20667
131000.00000    -0.22592
131050.00000    -0.24544
131100.00000    -0.26479
131150.00000    -0.28389
131200.00000    -0.30273
131250.00000    -0.32136
131300.00000    -0.33980
131350.00000    -0.35840
131400.00000    -0.37725
131450.00000    -0.39674
131500.00000    -0.41686
131550.00000    -0.43750
131600.00000    -0.45804
131650.00000    -0.47842
131700.00000    -0.49863
131750.00000    -0.51859
131800.00000    -0.53804
131850.00000    -0.55695
131900.00000    -0.57531
131950.00000    -0.59356
132000.00000    -0.61202
132050.00000    -0.63073
132100.00000    -0.65049
132150.00000    -0.67112
132200.00000    -0.69262
132250.00000    -0.71498
132300.00000    -0.73814
132350.00000    -0.76141
132400.00000    -0.78424
132450.00000    -0.80664
132500.00000    -0.82879
132550.00000    -0.85098
132600.00000    -0.87323
132650.00000    -0.89546
132700.00000    -0.91720
132750.00000    -0.93812
132800.00000    -0.95822
132850.00000    -0.97750
132900.00000    -0.99654
132950.00000    -1.01580
133000.00000    -1.03530
133050.00000    -1.05490
133100.00000    -1.07400
133150.00000    -1.09220
133200.00000    -1.10950
133250.00000    -1.12590
133300.00000    -1.14220
133350.00000    -1.15850
133400.00000    -1.17490
133450.00000    -1.19140
133500.00000    -1.20800
133550.00000    -1.22470
133600.00000    -1.24160
133650.00000    -1.25860
133700.00000    -1.27540
133750.00000    -1.29170
133800.00000    -1.30760
133850.00000    -1.32260
133900.00000    -1.33700
133950.00000    -1.35080
134000.00000    -1.36420
134050.00000    -1.37700
134100.00000    -1.38940
134150.00000    -1.40210
134200.00000    -1.41500
134250.00000    -1.42810
134300.00000    -1.44160
134350.00000    -1.45520
134400.00000    -1.46880
134450.00000    -1.48210
134500.00000    -1.49510
134550.00000    -1.50760
134600.00000    -1.52000
134650.00000    -1.53260
134700.00000    -1.54530
134750.00000    -1.55770
134800.00000    -1.57000
134850.00000    -1.58200
134900.00000    -1.59380
134950.00000    -1.60550
135000.00000    -1.61690
135050.00000    -1.62820
135100.00000    -1.63910
135150.00000    -1.64900
135200.00000    -1.65780
135250.00000    -1.66560
135300.00000    -1.67230
135350.00000    -1.67840
135400.00000    -1.68430
135450.00000    -1.69060
135500.00000    -1.69720
135550.00000    -1.70430
135600.00000    -1.71160
135650.00000    -1.71910
135700.00000    -1.72670
135750.00000    -1.73440
135800.00000    -1.74220
135850.00000    -1.75010
135900.00000    -1.75810
135950.00000    -1.76610
136000.00000    -1.77360
136050.00000    -1.78060
136100.00000    -1.78710
136150.00000    -1.79310
136200.00000    -1.79870
136250.00000    -1.80400
136300.00000    -1.80910
136350.00000    -1.81420
136400.00000    -1.81910
136450.00000    -1.82390
136500.00000    -1.82870
136550.00000    -1.83330
136600.00000    -1.83790
136650.00000    -1.84230
136700.00000    -1.84670
136750.00000    -1.85110
136800.00000    -1.85530
136850.00000    -1.85950
136900.00000    -1.86360
136950.00000    -1.86760
137000.00000    -1.87160
137050.00000    -1.87540
137100.00000    -1.87900
137150.00000    -1.88260
137200.00000    -1.88550
137250.00000    -1.88760
137300.00000    -1.88910
137350.00000    -1.88990
137400.00000    -1.89000
137450.00000    -1.88950
137500.00000    -1.88850
137550.00000    -1.88690
137600.00000    -1.88480
137650.00000    -1.88200
137700.00000    -1.87880
137750.00000    -1.87490
137800.00000    -1.87100
137850.00000    -1.86700
137900.00000    -1.86300
137950.00000    -1.85890
138000.00000    -1.85490
138050.00000    -1.85080
138100.00000    -1.84680
138150.00000    -1.84300
138200.00000    -1.83930
138250.00000    -1.83580
138300.00000    -1.83250
138350.00000    -1.82930
138400.00000    -1.82590
138450.00000    -1.82210
138500.00000    -1.81790
138550.00000    -1.81320
138600.00000    -1.80810
138650.00000    -1.80260
138700.00000    -1.79700
138750.00000    -1.79150
138800.00000    -1.78630
138850.00000    -1.78140
138900.00000    -1.77660
138950.00000    -1.77210
139000.00000    -1.76780
139050.00000    -1.76380
139100.00000    -1.76000
139150.00000    -1.75630
139200.00000    -1.75290
139250.00000    -1.74970
139300.00000    -1.74670
139350.00000    -1.74350
139400.00000    -1.74030
139450.00000    -1.73700
139500.00000    -1.73370
139550.00000    -1.73020
139600.00000    -1.72670
139650.00000    -1.72350
139700.00000    -1.72040
139750.00000    -1.71750
139800.00000    -1.71480
139850.00000    -1.71230
139900.00000    -1.70980
139950.00000    -1.70750
140000.00000    -1.70550
140050.00000    -1.70380
140100.00000    -1.70240
140150.00000    -1.70130
140200.00000    -1.70080
140250.00000    -1.70060
140300.00000    -1.70070
140350.00000    -1.70110
140400.00000    -1.70190
140450.00000    -1.70270
140500.00000    -1.70350
140550.00000    -1.70440
140600.00000    -1.70550
140650.00000    -1.70680
140700.00000    -1.70820
140750.00000    -1.70960
140800.00000    -1.71100
140850.00000    -1.71230
140900.00000    -1.71340
140950.00000    -1.71440
141000.00000    -1.71530
141050.00000    -1.71630
141100.00000    -1.71740
141150.00000    -1.71850
141200.00000    -1.71950
141250.00000    -1.72040
141300.00000    -1.72110
141350.00000    -1.72170
141400.00000    -1.72220
141450.00000    -1.72250
141500.00000    -1.72290
141550.00000    -1.72360
141600.00000    -1.72460
141650.00000    -1.72590
141700.00000    -1.72760
141750.00000    -1.72960
141800.00000    -1.73130
141850.00000    -1.73270
141900.00000    -1.73380
141950.00000    -1.73460
142000.00000    -1.73510
142050.00000    -1.73540
142100.00000    -1.73570
142150.00000    -1.73610
142200.00000    -1.73650
142250.00000    -1.73690
142300.00000    -1.73750
142350.00000    -1.73830
142400.00000    -1.73930
142450.00000    -1.74030
142500.00000    -1.74140
142550.00000    -1.74260
142600.00000    -1.74380
142650.00000    -1.74480
142700.00000    -1.74570
142750.00000    -1.74630
142800.00000    -1.74670
142850.00000    -1.74680
142900.00000    -1.74640
142950.00000    -1.74580
143000.00000    -1.74510
143050.00000    -1.74420
143100.00000    -1.74340
143150.00000    -1.74250
143200.00000    -1.74160
143250.00000    -1.74050
143300.00000    -1.73930
143350.00000    -1.73780
143400.00000    -1.73610
143450.00000    -1.73420
143500.00000    -1.73220
143550.00000    -1.73030
143600.00000    -1.72830
143650.00000    -1.72620
143700.00000    -1.72410
143750.00000    -1.72200
143800.00000    -1.72000
143850.00000    -1.71810
143900.00000    -1.71630
143950.00000    -1.71470
144000.00000    -1.71360
144050.00000    -1.71310
144100.00000    -1.71300
144150.00000    -1.71350
144200.00000    -1.71440
144250.00000    -1.71570
144300.00000    -1.71730
144350.00000    -1.71930
144400.00000    -1.72160
144450.00000    -1.72420
144500.00000    -1.72690
144550.00000    -1.72970
144600.00000    -1.73240
144650.00000    -1.73490
144700.00000    -1.73710
144750.00000    -1.73900
144800.00000    -1.74050
144850.00000    -1.74200
144900.00000    -1.74340
144950.00000    -1.74490
145000.00000    -1.74630
145050.00000    -1.74780
145100.00000    -1.74870
145150.00000    -1.74910
145200.00000    -1.74880
145250.00000    -1.74790
145300.00000    -1.74730
145350.00000    -1.74700
145400.00000    -1.74680
145450.00000    -1.74670
145500.00000    -1.74610
145550.00000    -1.74480
145600.00000    -1.74300
145650.00000    -1.74060
145700.00000    -1.73850
145750.00000    -1.73660
145800.00000    -1.73500
145850.00000    -1.73370
145900.00000    -1.73270
145950.00000    -1.73190
146000.00000    -1.73140
146050.00000    -1.73100
146100.00000    -1.73070
146150.00000    -1.73000
146200.00000    -1.72910
146250.00000    -1.72800
146300.00000    -1.72660
146350.00000    -1.72530
146400.00000    -1.72380
146450.00000    -1.72240
146500.00000    -1.72110
146550.00000    -1.72020
146600.00000    -1.71970
146650.00000    -1.71970
146700.00000    -1.71980
146750.00000    -1.72020
146800.00000    -1.72080
146850.00000    -1.72150
146900.00000    -1.72200
146950.00000    -1.72230
147000.00000    -1.72230
